body:
  _armscye_depth: 13.136
  _base_sleeve_balance: 33.7873
  _bust_line: 20.231433333333335
  _hip_inclination: 6.0684
  _leg_length: 89.33650000000003
  _shoulder_incl: 19.274
  _waist_level: 112.12320000000003
  arm_length: 55.3742
  arm_pose_angle: 46.8346
  armscye_depth: 10.636
  back_width: 40.7034
  body_sample: 01709_straight
  bum_points: 15.5815
  bust: 84.1835
  bust_line: 23.7729
  bust_points: 12.7206
  crotch_hip_diff: 7.77566
  head_l: 27.1948
  height: 175.971
  hip_back_width: 47.7955
  hip_inclination: 12.1368
  hips: 89.8017
  hips_line: 22.7867
  leg_circ: 52.1149
  neck_w: 16.604
  shoulder_incl: 19.274
  shoulder_w: 35.7873
  underbust: 72.1
  vert_bust_line: 18.4607
  waist: 61.0984
  waist_back_width: 28.9555
  waist_line: 36.653
  waist_over_bust_line: 41.2173
  wrist: 14.9329
