body:
  _armscye_depth: 16.166600000000003
  _base_sleeve_balance: 37.853
  _bust_line: 23.572400000000002
  _hip_inclination: 3.520835
  _leg_length: 97.58299999999998
  _shoulder_incl: 20.6051
  _waist_level: 123.37739999999998
  arm_length: 60.3434
  arm_pose_angle: 42.097
  armscye_depth: 13.6666
  back_width: 51.0556
  body_sample: 04964_apart
  bum_points: 17.4493
  bust: 105.568
  bust_line: 26.978
  bust_points: 18.0273
  crotch_hip_diff: 10.2837
  head_l: 28.5979
  height: 191.671
  hip_back_width: 55.6809
  hip_inclination: 7.04167
  hips: 105.297
  hips_line: 25.7944
  leg_circ: 60.6196
  neck_w: 20.6493
  shoulder_incl: 20.6051
  shoulder_w: 39.853
  underbust: 96.5447
  vert_bust_line: 21.8696
  waist: 90.8669
  waist_back_width: 41.5837
  waist_line: 39.6957
  waist_over_bust_line: 43.8742
  wrist: 17.7639
