body:
  _armscye_depth: 14.9057
  _base_sleeve_balance: 32.5043
  _bust_line: 21.698566666666665
  _hip_inclination: 6.8124
  _leg_length: 83.28589999999998
  _shoulder_incl: 20.9734
  _waist_level: 105.64199999999998
  arm_length: 51.8371
  arm_pose_angle: 43.5803
  armscye_depth: 12.4057
  back_width: 45.3502
  body_sample: 00614_apart
  bum_points: 18.2078
  bust: 97.2871
  bust_line: 25.5525
  bust_points: 15.8025
  crotch_hip_diff: 7.96624
  head_l: 25.318
  height: 164.909
  hip_back_width: 55.8555
  hip_inclination: 13.6248
  hips: 104.775
  hips_line: 22.3561
  leg_circ: 61.536
  neck_w: 17.6768
  shoulder_incl: 20.9734
  shoulder_w: 34.5043
  underbust: 80.7624
  vert_bust_line: 19.7716
  waist: 80.078
  waist_back_width: 37.4543
  waist_line: 33.949
  waist_over_bust_line: 39.5414
  wrist: 15.8387
