body:
  _armscye_depth: 14.896
  _base_sleeve_balance: 33.8458
  _bust_line: 22.107
  _hip_inclination: 6.12755
  _leg_length: 90.3062
  _shoulder_incl: 22.1573
  _waist_level: 112.63550000000001
  arm_length: 54.9805
  arm_pose_angle: 37.6091
  armscye_depth: 12.396
  back_width: 45.2616
  body_sample: 01258_apart
  bum_points: 16.769
  bust: 95.524
  bust_line: 24.7366
  bust_points: 15.4972
  crotch_hip_diff: 9.25708
  head_l: 26.4175
  height: 175.368
  hip_back_width: 53.5465
  hip_inclination: 12.2551
  hips: 102.669
  hips_line: 22.3293
  leg_circ: 60.8856
  neck_w: 18.369
  shoulder_incl: 22.1573
  shoulder_w: 35.8458
  underbust: 81.8692
  vert_bust_line: 20.7922
  waist: 78.4662
  waist_back_width: 36.9462
  waist_line: 36.315
  waist_over_bust_line: 39.0867
  wrist: 16.3128
