body:
  _armscye_depth: 17.067700000000002
  _base_sleeve_balance: 35.0969
  _bust_line: 25.048933333333334
  _hip_inclination: 3.93635
  _leg_length: 91.71579999999997
  _shoulder_incl: 19.8973
  _waist_level: 111.42659999999998
  arm_length: 55.5127
  arm_pose_angle: 48.0737
  armscye_depth: 14.5677
  back_width: 51.5081
  body_sample: 04344_apart
  bum_points: 18.346
  bust: 111.539
  bust_line: 28.6924
  bust_points: 19.3099
  crotch_hip_diff: 12.614
  head_l: 25.4806
  height: 174.16
  hip_back_width: 59.1655
  hip_inclination: 7.8727
  hips: 111.187
  hips_line: 19.7108
  leg_circ: 62.6111
  neck_w: 20.1181
  shoulder_incl: 19.8973
  shoulder_w: 37.0969
  underbust: 97.8297
  vert_bust_line: 23.2272
  waist: 99.5381
  waist_back_width: 46.222
  waist_line: 37.2528
  waist_over_bust_line: 42.1903
  wrist: 17.0935
