body:
  _armscye_depth: 15.5877
  _base_sleeve_balance: 34.7742
  _bust_line: 22.89266666666667
  _hip_inclination: 5.411
  _leg_length: 91.76140000000002
  _shoulder_incl: 20.8497
  _waist_level: 115.91770000000002
  arm_length: 56.7894
  arm_pose_angle: 44.6019
  armscye_depth: 13.0877
  back_width: 47.2715
  body_sample: 00564_straight
  bum_points: 17.8794
  bust: 99.2653
  bust_line: 25.9994
  bust_points: 16.4209
  crotch_hip_diff: 8.77981
  head_l: 27.2882
  height: 180.9
  hip_back_width: 55.6149
  hip_inclination: 10.822
  hips: 104.531
  hips_line: 24.1563
  leg_circ: 59.564
  neck_w: 18.8094
  shoulder_incl: 20.8497
  shoulder_w: 36.7742
  underbust: 85.583
  vert_bust_line: 21.3393
  waist: 84.0001
  waist_back_width: 38.9506
  waist_line: 37.6941
  waist_over_bust_line: 41.324
  wrist: 16.4739
