body:
  _armscye_depth: 16.8598
  _base_sleeve_balance: 32.1171
  _bust_line: 26.160333333333334
  _hip_inclination: 6.45985
  _leg_length: 85.5053
  _shoulder_incl: 22.0093
  _waist_level: 104.4641
  arm_length: 50.2495
  arm_pose_angle: 46.2242
  armscye_depth: 14.3598
  back_width: 49.5212
  body_sample: 02540_straight
  bum_points: 18.5434
  bust: 109.009
  bust_line: 29.7414
  bust_points: 18.6224
  crotch_hip_diff: 11.576
  head_l: 24.6563
  height: 166.14
  hip_back_width: 60.1728
  hip_inclination: 12.9197
  hips: 114.353
  hips_line: 18.9588
  leg_circ: 65.6098
  neck_w: 18.7954
  shoulder_incl: 22.0093
  shoulder_w: 34.1171
  underbust: 99.7702
  vert_bust_line: 24.3698
  waist: 94.6701
  waist_back_width: 44.8807
  waist_line: 37.0196
  waist_over_bust_line: 43.2462
  wrist: 16.522
