body:
  _armscye_depth: 16.671799999999998
  _base_sleeve_balance: 36.556
  _bust_line: 23.8729
  _hip_inclination: 3.61449
  _leg_length: 87.1954
  _shoulder_incl: 21.4091
  _waist_level: 110.0742
  arm_length: 56.283
  arm_pose_angle: 54.3665
  armscye_depth: 14.1718
  back_width: 52.0544
  body_sample: 04737_apart
  bum_points: 19.5026
  bust: 109.827
  bust_line: 27.1139
  bust_points: 19.8125
  crotch_hip_diff: 11.4065
  head_l: 26.7945
  height: 175.156
  hip_back_width: 57.3744
  hip_inclination: 7.22898
  hips: 109.266
  hips_line: 22.8788
  leg_circ: 61.948
  neck_w: 20.8734
  shoulder_incl: 21.4091
  shoulder_w: 38.556
  underbust: 97.1877
  vert_bust_line: 22.2524
  waist: 98.6615
  waist_back_width: 44.8682
  waist_line: 38.2873
  waist_over_bust_line: 41.9149
  wrist: 17.6859
